4003
4006
4025
4030
4038
4040
4060
4063
4065
4067
4081
4101
4117
4137
4143
4145
4146
4196
4200
4252
4255
4285
4331
4388
4391
4416
4417
4438
4442
4473
4573
4577
4578
4604
4605
4609
4618
4651
4688
4750
4768
4805
4822
4857
4909
4979
5268
5290
5293
5446
5504
5527
5571
5624
5636
5654
5665
5758
5795
5822
5847
5861
5889
5890
5891
6054
6055
6056
6067
6068
6069
6072
6174
6499
6760
7249
7374
7390
7717
7718
7902
7903
7904
7905
7953
8177
8178
8234
8235
8236
8285
8304
8305
8784
8839
8840
8928
9029
9313
9362
9364
9365
9366
9771
9847
9848
9849
9850
9932
9975
9988
10054
10299
10359
10360
10645
10655
10658
10659
10660
10661
10662
10663
10668
10669
10670
10673
10699
10752
10753
10797
10798
10883
10890
11018
11033
11040
11041
11045
11088
11347
11357
11358
11460
11623
11803
11816
11817
11819
11826
11908
11914
11928
11978
11995
11997
12043
12055
12086
12256
12259
12354
12363
12382
12491
12493
12515
12533
12589
12590
12635
12685
12829
12892
13503
13508
